   A  R  N  D  C  Q  E  G  H  I  L  K  M  F  P  S  T  W  Y  V  B  Z  X  *
A  6  0 -1  1 -1  3  3 -1  0 -1 -1 -1 -1  0 -1 -1 -1 -1 -1 -1  3  2  4 -4
R  0  6 -1 -1 -1 -1 -1 -1 -1 -1  0 -1 -1 -1 -1 -1  0 -1 -1 -1 -1 -1 -1 -4
N -1 -1  7 -1 -1 -1 -1 -1 -1 -1 -1 -1 -1 -1  6 -1 -1  7 -1  7 -1 -1 -1 -4
D  1 -1 -1  5 -1 -1 -1 -1 -1 -1  0 -1 -1  0 -1 -1 -1 -1 -1 -1 -1 -1 -1 -4
C -1 -1 -1 -1  11 -1 -1 -1 -1 -1  0 -1 -1 -1 -1 -1  3 -1 -1 -1 -1 -1 -1 -4
Q  3 -1 -1 -1 -1  13 -1 -1 -1 -1  0 -1 -1 -1 -1 -1  2 -1 -1 -1 -1 -1 -1 -4
E  3 -1 -1 -1 -1 -1  13 -1 -1 -1  3 -1 -1 -1 -1 -1  3 -1 -1 -1 -1 -1 -1 -4
G -1 -1 -1 -1 -1 -1 -1  9 -1 -1 -1 -1 -1 -1 -1 -1 -1 -1 -1 -1 -1 -1 -1 -4
H  0 -1 -1 -1 -1 -1 -1 -1  7 -1  0 -1 -1 -1 -1 -1  1 -1 -1 -1 -1 -1 -1 -4
I -1 -1 -1 -1 -1 -1 -1 -1 -1  8 -1 -1 -1 -1 -1 -1  0 -1 -1 -1 -1 -1 -1 -4
L -1  0 -1  0  0  0  3 -1  0 -1  7 -1  7 -1 -1  6 -1 -1 -1 -1  4  2  3 -4
K -1 -1 -1 -1 -1 -1 -1 -1 -1 -1 -1  8 -1 -1 -1 -1 -1 -1 -1 -1 -1 -1 -1 -4
M -1 -1 -1 -1 -1 -1 -1 -1 -1 -1  7 -1  25 -1 -1 -1 -1 -1 -1 -1 -1 -1 -1 -4
F  0 -1 -1  0 -1 -1 -1 -1 -1 -1 -1 -1 -1  19 -1 -1  5 -1 -1 -1 -1 -1 -1 -4
P -1 -1  6 -1 -1 -1 -1 -1 -1 -1 -1 -1 -1 -1  7 -1 -1 -1 -1 -1 -1 -1 -1 -4
S -1 -1 -1 -1 -1 -1 -1 -1 -1 -1  6 -1 -1 -1 -1  22  1 -1 -1 -1 -1 -1 -1 -4
T -1  0 -1 -1  3  2  3 -1  1  0 -1 -1 -1  5 -1  1  5 -1 -1 -1  4  2  2 -4
W -1 -1  7 -1 -1 -1 -1 -1 -1 -1 -1 -1 -1 -1 -1 -1 -1  10 -1 -1 -1 -1  0 -4
Y -1 -1 -1 -1 -1 -1 -1 -1 -1 -1 -1 -1 -1 -1 -1 -1 -1 -1  8  0 -1 -1 -1 -4
V -1 -1  7 -1 -1 -1 -1 -1 -1 -1 -1 -1 -1 -1 -1 -1 -1 -1  0  9 -1 -1  0 -4
B  3 -1 -1 -1 -1 -1 -1 -1 -1 -1  4 -1 -1 -1 -1 -1  4 -1 -1 -1  4 -1 -1 -4
Z  2 -1 -1 -1 -1 -1 -1 -1 -1 -1  2 -1 -1 -1 -1 -1  2 -1 -1 -1 -1  21 -1 -4
X  4 -1 -1 -1 -1 -1 -1 -1 -1 -1  3 -1 -1 -1 -1 -1  2  0 -1  0 -1 -1  8 -4
* -4 -4 -4 -4 -4 -4 -4 -4 -4 -4 -4 -4 -4 -4 -4 -4 -4 -4 -4 -4 -4 -4 -4 -1
