#  Matrix made by matblas from blosum62.iij
#  * column uses minimum score
#  BLOSUM Clustered Scoring Matrix in 1/2 Bit Units
#  Blocks Database = /data/blocks_5.0/blocks.dat
#  Cluster Percentage: >= 62
#  Entropy =   0.6979, Expected =  -0.5209
   A  R  N  D  C  Q  E  G  H  I  L  K  M  F  P  S  T  W  Y  V  B  Z  X  *
A  5  2 -1  2 -1  4  0 -1  0 -1 -1 -1 -1  1 -1 -1 -1 -1 -1 -1  0  3  3 -4
R  2  6 -1 -1 -1 -1 -1 -1 -1 -1  0 -1 -1  2 -1  1  0 -1 -1 -1 -1 -1 -1 -4
N -1 -1  8 -1 -1 -1 -1 -1 -1 -1  2 -1 -1 -1  7 -1  0  8  0  8 -1 -1  0 -4
D  2 -1 -1  5 -1 -1 -1 -1 -1 -1  0 -1 -1  2 -1 -1 -1 -1 -1 -1 -1 -1 -1 -4
C -1 -1 -1 -1  12 -1 -1 -1 -1 -1  0 -1 -1 -1 -1 -1  4 -1 -1 -1 -1 -1 -1 -4
Q  4 -1 -1 -1 -1  12 -1 -1 -1 -1  2 -1 -1  3 -1 -1  0 -1 -1 -1 -1 -1 -1 -4
E  0 -1 -1 -1 -1 -1  13 -1 -1 -1  3 -1 -1 -1 -1 -1  0 -1 -1 -1 -1 -1 -1 -4
G -1 -1 -1 -1 -1 -1 -1  11 -1 -1 -1 -1 -1 -1 -1 -1 -1 -1 -1 -1 -1 -1 -1 -4
H  0 -1 -1 -1 -1 -1 -1 -1  8 -1  1 -1  0 -1 -1  0  2 -1 -1 -1 -1 -1 -1 -4
I -1 -1 -1 -1 -1 -1 -1 -1 -1  9  0 -1 -1  3 -1 -1 -1 -1 -1 -1 -1 -1 -1 -4
L -1  0  2  0  0  2  3 -1  1  0  6  0 -1 -1 -1 -1 -1 -1  0 -1  3 -1  2 -4
K -1 -1 -1 -1 -1 -1 -1 -1 -1 -1  0  9 -1  3 -1 -1 -1 -1 -1 -1 -1 -1 -1 -4
M -1 -1 -1 -1 -1 -1 -1 -1  0 -1 -1 -1  12 -1 -1 -1 -1 -1 -1 -1  1 -1  3 -4
F  1  2 -1  2 -1  3 -1 -1 -1  3 -1  3 -1  11 -1 -1 -1 -1 -1 -1  0 -1  2 -4
P -1 -1  7 -1 -1 -1 -1 -1 -1 -1 -1 -1 -1 -1  9 -1 -1 -1  0 -1 -1 -1 -1 -4
S -1  1 -1 -1 -1 -1 -1 -1  0 -1 -1 -1 -1 -1 -1  10 -1 -1 -1 -1  3 -1  1 -4
T -1  0  0 -1  4  0  0 -1  2 -1 -1 -1 -1 -1 -1 -1  5 -1 -1 -1  4 -1  0 -4
W -1 -1  8 -1 -1 -1 -1 -1 -1 -1 -1 -1 -1 -1 -1 -1 -1  12 -1 -1 -1 -1 -1 -4
Y -1 -1  0 -1 -1 -1 -1 -1 -1 -1  0 -1 -1 -1  0 -1 -1 -1  8 -1 -1 -1  0 -4
V -1 -1  8 -1 -1 -1 -1 -1 -1 -1 -1 -1 -1 -1 -1 -1 -1 -1 -1  11 -1 -1  0 -4
B  0 -1 -1 -1 -1 -1 -1 -1 -1 -1  3 -1  1  0 -1  3  4 -1 -1 -1  4 -1  2 -4
Z  3 -1 -1 -1 -1 -1 -1 -1 -1 -1 -1 -1 -1 -1 -1 -1 -1 -1 -1 -1 -1  18 -1 -4
X  3 -1  0 -1 -1 -1 -1 -1 -1 -1  2 -1  3  2 -1  1  0 -1  0  0  2 -1  6 -4
* -4 -4 -4 -4 -4 -4 -4 -4 -4 -4 -4 -4 -4 -4 -4 -4 -4 -4 -4 -4 -4 -4 -4 -1
